0.7336464	0.4608994	0.4102201	0.6526725	0.01794115	0.06414654	27.71367	3.275527
0.7397941	0.4608784	0.4102216	0.9438188	0.01794812	0.06419653	27.84298	3.362927
0.7391678	0.4608408	0.4103305	0.8841207	0.01795604	0.06422845	27.70309	3.337714
0.7331119	0.4608585	0.4104634	0.6410825	0.01795809	0.06428782	27.82765	3.487807
0.7403056	0.4607844	0.4103523	1.23773	0.01794115	0.06426799	27.68912	3.428656
0.7331989	0.4610388	0.4102946	1.02135	0.01795253	0.06425045	27.61895	3.525726
0.7377455	0.4608788	0.4103941	1.019294	0.01795212	0.06425338	27.94275	3.12111
0.7398213	0.4609418	0.4103746	0.8695073	0.01794861	0.06414576	27.90464	3.381125
0.7378271	0.4609254	0.4102748	1.091861	0.01794641	0.06434494	27.84451	3.278413
0.7332486	0.4609108	0.4104547	0.6106334	0.01794282	0.06435683	27.96589	3.509309
0.7307448	0.4609032	0.4103684	0.7525267	0.01794274	0.0642546	27.68078	3.382825
0.7358473	0.4608759	0.4103249	1.031007	0.01794498	0.06413896	27.8003	3.367294
0.7353796	0.4608318	0.4103087	1.059855	0.01794802	0.06417983	27.77391	3.133532
0.7350875	0.4609811	0.4102325	0.4140935	0.01793523	0.06414423	27.84856	3.492172
0.7374261	0.46099	0.4105329	1.098074	0.01794866	0.06425817	27.72045	3.290375
0.7409742	0.4609051	0.4102124	1.319531	0.01795463	0.06427958	27.68355	3.389365
0.7358176	0.4609614	0.4104313	1.089936	0.01796495	0.06427723	27.73809	3.338068
0.7329967	0.4609479	0.4103354	0.7241715	0.01794329	0.06426201	27.91529	3.576894
0.7384022	0.4609837	0.4103024	0.5504602	0.01794509	0.06419822	27.84308	3.571509
0.7387361	0.4609087	0.4103372	1.252466	0.01794253	0.06422114	27.87062	3.060142
0.7374377	0.4609424	0.4103626	0.3596388	0.01797326	0.0641222	27.80808	3.06369
0.7373736	0.4609059	0.4103527	1.010575	0.0179609	0.06441158	27.87351	3.327217
0.7362449	0.4609632	0.4104951	0.5774483	0.01795402	0.06428811	27.67169	3.317558
0.7345683	0.4609422	0.4103788	0.7556686	0.01794627	0.06443823	27.82467	3.314565
0.7386281	0.4608928	0.4104175	0.7522256	0.01793758	0.06424998	27.73705	3.535969
0.7438614	0.4610763	0.4102865	1.121999	0.01795625	0.06424196	27.81868	3.178774
0.7385995	0.4609036	0.4104483	0.8642078	0.01794686	0.06430008	27.67252	3.4282
0.7368908	0.4607935	0.410433	0.9195524	0.01794808	0.06410241	27.72662	3.518194
0.7356232	0.4608642	0.4104199	1.42018	0.01793277	0.06424839	27.80806	3.55853
0.7365177	0.460984	0.4103437	0.6315735	0.01794895	0.06430219	27.73839	2.992357
0.7357408	0.460895	0.4103117	1.422311	0.01794677	0.06443462	27.63634	3.407158
0.7365708	0.460894	0.4104204	0.4393785	0.01795153	0.06430257	27.87123	3.754067
0.7365637	0.4608893	0.4103269	1.170476	0.01794891	0.06425316	27.86537	3.355408
0.735124	0.4609743	0.4103695	0.9469751	0.01794464	0.06450827	27.87905	3.236244
0.7335539	0.4608373	0.4103186	1.588239	0.01795489	0.06415012	27.87159	3.556309
0.736865	0.4609845	0.4101446	1.02445	0.01793266	0.06417396	27.76651	3.506061
0.7375547	0.4608208	0.4104083	0.9657772	0.01795676	0.06421461	27.73034	3.384733
0.7365084	0.4608855	0.4103445	0.8892129	0.01794548	0.0644582	27.85652	3.338719
0.7356853	0.4609925	0.4103194	1.300554	0.01795049	0.06415168	27.87274	3.036345
0.7336631	0.460904	0.4101665	0.6455006	0.01795741	0.06418602	27.6968	3.49955
0.7334374	0.4609439	0.4103159	0.7961296	0.01794836	0.06424705	27.91156	3.459525
0.7339279	0.46096	0.4103511	0.9452367	0.01794037	0.06423987	27.63894	3.362162
0.7379358	0.4608677	0.4103626	1.170084	0.01794374	0.06418346	27.9181	3.168381
0.7361105	0.4609148	0.4103427	0.7571145	0.01795502	0.0641118	27.83054	3.266293
0.7382696	0.4609005	0.4104572	1.052464	0.01795313	0.06411706	27.73206	3.402715
0.7382288	0.4609606	0.4105669	0.6964756	0.01794803	0.0641225	27.75351	2.959732
0.7392898	0.4608481	0.4106279	0.9721764	0.01794485	0.06432686	27.66537	3.370685
0.7366554	0.4609362	0.4103659	1.31013	0.01794036	0.06422748	27.78128	3.290326
0.738921	0.460884	0.4102625	1.124164	0.01795006	0.06420314	27.91332	3.548986
0.7342475	0.4609314	0.4103652	1.015125	0.01795112	0.06426688	27.87917	3.318691
0.7366232	0.4609661	0.4104402	0.9888842	0.01795222	0.06417391	27.85302	3.084832
0.7373178	0.4609153	0.410525	1.448982	0.01796029	0.06429127	27.71417	3.228993
0.7353514	0.4608369	0.4103895	0.9480604	0.01793808	0.06428946	27.60177	3.177776
0.7412693	0.460905	0.4103338	0.4716574	0.01795374	0.06420026	27.74484	3.181582
0.7381595	0.4608591	0.4103896	1.212228	0.01794466	0.06430291	27.85577	3.18342
0.7373392	0.460945	0.4102951	1.000433	0.01794911	0.06433668	27.97787	3.465122
0.7346396	0.4608396	0.4104549	1.584989	0.01794032	0.06421791	27.71202	3.541354
0.7336329	0.4609384	0.4104565	0.8290608	0.01794063	0.06416744	27.96583	3.026203
0.7381984	0.4609074	0.4104289	0.5739845	0.01795413	0.06441317	27.7891	3.370119
0.7366557	0.4608588	0.410401	1.038502	0.01794802	0.06420597	27.70995	3.420706
0.736616	0.4608404	0.4103742	1.554731	0.01794928	0.06429035	27.79689	3.279693
0.7340744	0.4608792	0.41031	0.6141169	0.01794854	0.06427217	27.82821	3.17184
0.7322513	0.4608498	0.4103069	1.140157	0.01794456	0.06414568	27.78698	3.283222
0.7371275	0.4608441	0.4103935	0.9017922	0.01794181	0.06421903	27.63077	3.338577
0.7347574	0.4609335	0.4105058	0.8151186	0.01794815	0.06435861	27.73769	3.419235
0.7336187	0.4608572	0.4102976	0.7294879	0.01794885	0.06422983	27.77823	3.261549
0.733087	0.4608782	0.41032	1.195806	0.01796094	0.06427134	27.83946	3.278047
0.7345075	0.4609014	0.4104805	0.737953	0.01795441	0.06423783	27.81639	3.420079
0.7389618	0.4609052	0.4103524	0.9749844	0.01795636	0.06418297	27.75834	3.048914
0.7319683	0.4609317	0.4102642	0.593239	0.01795017	0.06426099	27.64963	3.534096
0.7339145	0.4608953	0.4104909	0.9772073	0.01795388	0.06428643	27.81251	3.101625
0.734325	0.4608309	0.4104643	1.128055	0.01795189	0.0644448	27.81704	3.430366
0.7354422	0.4609277	0.4102296	0.8379335	0.01795388	0.06430286	27.84912	3.407766
0.7348274	0.4609165	0.4103913	0.6740137	0.01795792	0.06420989	27.94959	3.327189
0.7353183	0.4608241	0.4104426	0.4620452	0.01795207	0.06427318	27.88413	3.166094
0.7369242	0.4609401	0.4105449	0.7545103	0.01795591	0.06423681	27.83203	3.044975
0.7369079	0.4610271	0.4104225	1.469529	0.01795071	0.06426099	27.86215	3.338075
0.73674	0.4609414	0.4102968	1.209815	0.01794235	0.06435363	27.81061	3.339796
0.7411256	0.4609799	0.4103027	1.318729	0.01795725	0.06417122	27.85115	3.356387
0.7345184	0.4609433	0.4103102	1.099013	0.0179514	0.06422516	27.84043	3.576238
0.7399885	0.4609237	0.4103858	1.353247	0.01794525	0.06421915	27.74802	3.494036
0.7308951	0.4609356	0.4103295	1.070758	0.01794874	0.06427842	27.86006	3.522844
0.7343676	0.4608692	0.4102327	0.7408561	0.01794474	0.06427447	27.86111	3.264495
0.7393814	0.4609516	0.4103008	0.8815817	0.01794667	0.06409431	27.77382	3.272351
0.735013	0.4608689	0.4103277	0.6674545	0.01794096	0.0642888	27.78658	3.513506
0.7360317	0.4608841	0.4103737	1.87572	0.0179338	0.06429102	27.7677	3.284647
0.7333644	0.4609119	0.4103731	0.7541677	0.01795114	0.06432094	27.82739	3.335584
0.7379696	0.4609423	0.4103977	1.492187	0.01795552	0.06437195	27.78356	3.548551
0.7382458	0.4609462	0.4103949	1.282455	0.01794718	0.06426781	28.01355	3.539287
0.7353493	0.4609324	0.4105204	0.9121611	0.01794714	0.06419537	27.70354	3.239831
0.7363519	0.4609314	0.410439	1.335386	0.01794696	0.06432384	27.78467	3.171994
0.7388507	0.4609425	0.4103753	1.105762	0.01794942	0.06426655	27.82883	3.261496
0.7338983	0.460897	0.4102898	1.213977	0.01794778	0.06425418	27.76192	3.385805
0.7317747	0.4609263	0.4102158	0.9928443	0.01796182	0.06413346	27.72674	3.408219
0.7415991	0.4608864	0.4103915	0.4364958	0.01793866	0.06434612	27.72333	3.377892
0.7422379	0.4609875	0.4102013	0.9685702	0.01793904	0.06433785	27.94366	3.259605
0.7361617	0.4608912	0.4104241	0.9830839	0.01794489	0.06428415	27.90608	3.380452
0.7379768	0.4609479	0.4102855	0.8898201	0.01795231	0.06424967	27.86037	3.233689
0.7323975	0.4609704	0.4103482	1.519918	0.01794372	0.06429291	27.74835	3.144725
0.7384822	0.4608993	0.4102848	0.8009555	0.01794431	0.06425302	27.92951	3.343915
0.7391374	0.4609498	0.4103471	0.5936965	0.01794219	0.06425126	27.71949	3.124793
0.7390058	0.4609333	0.4103723	0.9462608	0.01794303	0.06420868	27.73794	3.32735
0.7387642	0.4609684	0.4104016	0.9912703	0.01795092	0.06424171	27.89486	3.462299
0.7379429	0.4609295	0.4102891	1.501711	0.01795493	0.06440365	27.59467	3.435001
0.7375642	0.4610057	0.4104723	1.003211	0.01794866	0.06432467	27.69384	3.380245
0.7384472	0.4608893	0.410412	1.675929	0.01794751	0.06411202	27.74288	3.207299
0.7396455	0.4609828	0.4103359	0.7642178	0.01794246	0.06412044	27.87419	2.999801
0.7409152	0.4608339	0.4103182	0.8222076	0.01794836	0.06428683	27.80876	2.940928
0.7400946	0.4609337	0.4104709	0.9020187	0.01793856	0.06424704	27.7656	3.33473
0.738026	0.4608918	0.4102922	0.8703342	0.01794619	0.06401347	27.90515	3.530303
0.7337953	0.4609224	0.4103529	0.9203937	0.01793491	0.06432647	27.88771	3.217758
0.7410289	0.4609472	0.4103722	1.183144	0.01795167	0.06412927	27.83706	3.031629
0.7350365	0.4608989	0.4103428	1.268137	0.01795981	0.06434489	27.88645	3.358881
0.7367302	0.4609125	0.4103732	0.7003315	0.01795497	0.06425365	27.78882	3.352393
0.7398239	0.4608881	0.4103022	1.875503	0.01794756	0.06432838	27.67854	3.272255
0.7396055	0.4609689	0.4103194	0.7247539	0.01793935	0.06409286	27.85106	3.733879
0.7350701	0.4608953	0.4103903	1.226362	0.0179357	0.06421423	27.7859	3.404065
0.7353336	0.4608134	0.4102366	1.127374	0.01793506	0.06410667	27.82228	3.042545
0.7386003	0.4609859	0.4103555	1.119131	0.01794361	0.06423503	27.73984	3.353261
0.7328355	0.460833	0.4103492	1.230779	0.01794279	0.06418106	27.85183	3.378224
0.740116	0.4609132	0.4101482	1.214681	0.01795534	0.06422408	27.9699	3.426444
0.7383729	0.4609135	0.410314	0.7033639	0.01794651	0.06424843	27.74825	3.460787
0.7353627	0.4609093	0.4104945	0.6401626	0.01795049	0.06431956	27.61322	3.061072
0.7394683	0.4609076	0.4102707	0.948257	0.01794497	0.06428597	27.64265	3.499523
0.7338788	0.4608425	0.4103227	0.9632632	0.01794099	0.06436405	27.79816	3.210421
0.7387851	0.4609376	0.4103669	1.36091	0.0179455	0.06433619	27.80432	3.353176
0.7419707	0.4609326	0.4102784	0.8304308	0.01794259	0.06436842	27.86137	3.385969
0.7387901	0.4609008	0.410318	0.896557	0.01794627	0.06424364	27.68619	3.374285
0.733517	0.4609565	0.4104432	1.119815	0.0179426	0.06434212	27.84949	3.135671
0.7378655	0.4608967	0.4103797	1.673258	0.01794517	0.06423346	27.86721	3.253588
0.7359162	0.4609309	0.4103827	1.187099	0.01795418	0.06430986	28.02529	3.289315
0.7369023	0.4609637	0.4102963	1.33126	0.01794999	0.06416034	27.60628	3.18089
0.735854	0.460871	0.410487	1.477607	0.01795243	0.06423974	27.87473	3.438158
0.7352863	0.4608838	0.4103298	1.065274	0.01795439	0.06437326	27.76752	3.336436
0.7416094	0.4609363	0.4101358	1.144522	0.01794669	0.06423579	27.85571	3.663656
0.7388008	0.4608625	0.4104764	1.036581	0.01795342	0.06416006	27.77072	3.358024
0.7381941	0.4609313	0.4104415	0.8796792	0.01795412	0.06428069	27.87108	3.430201
0.7368059	0.4607524	0.4103248	0.55665	0.01794934	0.06427953	27.92233	3.406424
0.7397609	0.460915	0.4103306	0.7424137	0.01795401	0.06428403	27.65784	3.280433
0.7362414	0.460928	0.4103319	0.9140649	0.01795752	0.06421653	27.91569	3.261678
0.7391558	0.460922	0.4103633	0.9037229	0.01794821	0.06423116	27.8197	3.172469
0.7413335	0.4608705	0.4102985	0.8226614	0.0179557	0.06423316	27.88169	3.079583
0.735494	0.4609957	0.4101302	0.8792707	0.01794299	0.0642745	27.92866	3.359411
0.7375742	0.4608646	0.4103003	1.772078	0.01794513	0.06434368	27.72124	3.469655
0.7331068	0.4609065	0.4103968	1.085512	0.01793287	0.06445995	27.71495	3.507913
0.7349319	0.4609156	0.4102542	1.366038	0.01795039	0.06430493	27.85987	3.344232
0.7351591	0.4607955	0.4104282	1.434964	0.01793834	0.06430143	27.91571	3.351549
0.7325309	0.4608651	0.4103055	1.291767	0.01795617	0.06415202	28.01384	3.350989
0.7413659	0.4608787	0.4104275	0.8072645	0.01795818	0.06438047	27.8985	3.60566
0.7319744	0.4609703	0.4103646	1.096944	0.01795922	0.06415244	27.95966	3.306401
0.7400842	0.4608749	0.4103484	0.9735281	0.01795765	0.0641455	27.79155	3.341842
0.7352112	0.4608383	0.410464	0.9798115	0.01795012	0.06427305	27.82937	3.316413
0.7381267	0.4608999	0.4103243	1.088745	0.01793513	0.06395317	27.92535	3.360038
0.7329895	0.4608978	0.4104286	0.9723433	0.01794639	0.06428705	27.85138	3.402046
0.7391025	0.4609046	0.4104805	1.206716	0.01794887	0.06425183	27.67533	3.16448
0.7342263	0.4609092	0.4103301	0.8754151	0.01794463	0.06416423	27.80284	3.284572
0.7338315	0.4609114	0.4104638	1.041621	0.01795526	0.06432423	27.75037	3.603993
0.7379478	0.4608574	0.4102637	0.5785027	0.01794555	0.06423905	27.97978	3.274652
0.736921	0.4608435	0.4101022	1.018512	0.01794327	0.06416837	27.86035	3.472378
0.7339762	0.4608947	0.4102962	1.736519	0.01794936	0.06417248	27.81599	3.505575
0.7418426	0.4609019	0.410367	1.264522	0.01793166	0.06438111	27.7886	3.057317
0.73502	0.4608505	0.4103393	1.065439	0.01794821	0.06423927	27.72421	3.648348
0.7341467	0.4608967	0.4102843	1.6859	0.01794642	0.06431168	27.66368	3.271165
0.7321991	0.4609034	0.4103593	0.9597012	0.01794504	0.06426901	27.80032	3.424821
0.7348277	0.4610412	0.4102747	0.6920384	0.01794402	0.06418995	27.92389	3.431496
0.734492	0.46094	0.4103364	0.7770203	0.01794945	0.06423747	27.69468	3.287525
0.737075	0.4609559	0.4103695	0.9679224	0.01794848	0.06420085	27.85616	3.526528
0.7347318	0.4608749	0.4102078	1.123655	0.01794304	0.06435045	27.8642	3.642665
0.7382965	0.460874	0.4102793	1.056463	0.01795752	0.06430189	27.87524	3.149756
0.7356942	0.4608718	0.4102635	1.010356	0.01795054	0.06421418	27.69947	3.312769
0.7363755	0.4608867	0.4101993	1.302436	0.01795509	0.06421266	27.71315	3.194455
0.7328168	0.4609025	0.4102795	1.112774	0.0179591	0.0642239	27.64939	3.243978
0.733099	0.4609544	0.4103235	1.495236	0.01795242	0.06424057	27.71361	3.430772
0.7337402	0.4609178	0.4105681	1.273225	0.01794632	0.06426568	27.74231	3.080087
0.730704	0.4608396	0.4104491	1.160363	0.01793469	0.06431821	27.89078	3.290158
0.7366163	0.4608278	0.4103309	1.042798	0.01795679	0.06420703	27.70003	3.31156
0.7358188	0.4609271	0.4104323	2.198652	0.01795643	0.06434381	27.68707	3.446533
0.7353653	0.4608142	0.410451	1.020339	0.01794932	0.06417641	27.72739	3.425724
0.7376957	0.4608821	0.4102283	0.9404515	0.0179493	0.06422146	27.68817	3.222357
0.7369929	0.4608141	0.4104374	1.033992	0.01793296	0.06422435	27.75549	3.492707
0.7356004	0.460916	0.4104423	1.127211	0.01793448	0.06422925	27.94595	3.1835
0.7341628	0.4609594	0.4104164	1.448489	0.01794056	0.06442165	27.63939	3.200186
0.739681	0.4608615	0.4102418	0.896689	0.017954	0.06409114	27.84623	3.285132
0.7365199	0.4609331	0.4103719	1.815705	0.01795486	0.06420397	27.63143	3.639128
0.7367612	0.4609707	0.4103997	0.8963717	0.01795245	0.06409556	27.83168	3.595781
0.7315854	0.460928	0.4102671	1.307108	0.01795018	0.06418648	27.74239	3.598078
0.735645	0.4607766	0.4102906	1.172763	0.01793299	0.06422429	27.78215	3.394462
0.7401306	0.460872	0.4104033	1.253675	0.01795149	0.06426665	27.81317	3.617318
0.7384622	0.4608864	0.4104463	1.135469	0.01794626	0.06425647	27.70936	3.394658
0.7370304	0.4609352	0.4104198	1.491309	0.01795094	0.0642297	27.61104	3.679743
0.7343183	0.4609804	0.4103727	1.186312	0.01795204	0.06428509	27.81942	3.528254
0.7290404	0.4608953	0.4104933	1.353431	0.01795367	0.06436071	27.76504	3.248625
0.7378211	0.4609063	0.4104045	0.7107284	0.01794164	0.06422964	27.65434	3.281757
0.7351949	0.460895	0.4104426	0.6672656	0.01796045	0.06413062	27.84437	3.424718
0.7358103	0.4609923	0.4102005	0.796023	0.01795551	0.06428155	27.69405	3.497596
0.7391431	0.4609973	0.4102233	1.324645	0.01795388	0.06410067	27.63352	3.140205
0.7398677	0.4609439	0.4103328	1.52073	0.01795426	0.06428429	27.94166	3.32644
0.7372177	0.4608599	0.4102834	1.028217	0.01795718	0.06416823	27.93192	3.492496
0.7395585	0.4609698	0.410147	1.065806	0.01796306	0.06433133	28.03882	3.468161
0.7378278	0.4609855	0.4103447	0.7363923	0.01794855	0.06425904	27.76533	3.559303
0.7353889	0.4609534	0.4103108	2.231246	0.01794533	0.06422524	27.72051	3.522727
0.735356	0.4609084	0.410292	1.055365	0.01795543	0.06423467	27.90491	3.25398
0.7433935	0.4608036	0.410277	0.3780334	0.01794213	0.06402549	27.81796	3.144185
0.7312101	0.4610063	0.4105623	0.733412	0.01794633	0.06426223	27.67893	3.265517
0.738678	0.4609397	0.4104125	1.199446	0.01794895	0.06430852	27.80044	3.176978
0.7345008	0.460898	0.410594	0.9735067	0.01795311	0.06435809	27.60218	3.310872
0.740222	0.4608707	0.4102939	0.9860794	0.01795097	0.06438798	28.0183	3.323882
0.7325191	0.460913	0.4104107	1.050588	0.01795013	0.06431129	27.77545	3.231821
0.7383633	0.460885	0.4102426	1.220233	0.01794273	0.06428687	27.77796	3.449115
0.7390955	0.4608975	0.4104277	1.03232	0.01794624	0.06421103	27.73467	3.404133
0.738145	0.4609758	0.4104389	0.7341897	0.01793701	0.06421463	27.79602	3.489381
0.7406748	0.4609285	0.4104065	0.5876685	0.0179488	0.0641552	27.79712	3.269476
0.7370945	0.4609867	0.4102962	1.102844	0.01794367	0.06435633	27.79574	3.621578
0.7341713	0.4609746	0.4101179	0.8022984	0.0179341	0.06421417	27.80091	3.359619
0.7367709	0.4609621	0.41043	0.9755677	0.01795341	0.06437125	27.71986	3.28477
0.7373307	0.4609381	0.4104462	0.5638274	0.01796233	0.06425703	27.7045	3.468484
0.734833	0.4608384	0.4103744	0.7546668	0.01794573	0.06422121	27.87082	3.256973
0.7378405	0.4609052	0.4102566	0.7445821	0.01795036	0.06422102	27.5474	3.32198
0.7327716	0.4609602	0.41051	0.7712706	0.01795271	0.06419797	27.67122	4.028355
0.7414688	0.4608689	0.4104476	1.091791	0.01794381	0.06425719	27.9836	3.231503
