1.285412	3.322816	3.723364	0.306079	0.04596596	7.165441	3.831734
0.03522289	0.01070466	2.705466	0.3411242	0.05119186	7.197642	3.820045
0.1047121	0.6803316	2.790199	1.186589	0.04937463	7.037842	3.372809
0.1381549	0.7167903	3.102108	1.166439	0.048973	6.955214	3.723468
0.0755676	0.52285	4.585475	0.5115222	0.0491849	7.173067	3.928637
0.3108474	2.985199	1.341625	2.81553	0.0487926	7.142722	3.197839
0.004840596	0.007417914	3.800843	2.312879	0.05337645	7.388985	3.753114
0.005348745	0.009761626	2.8661	2.274614	0.05366599	6.832368	3.790979
0.1626495	0.636593	5.941123	0.1031947	0.04786119	7.063041	3.611873
0.3779577	2.161674	2.462484	1.542538	0.04788209	7.200369	3.296554
0.006430602	0.0001274427	3.158084	1.593517	0.05387651	7.006576	3.726286
0.01778069	0.2606028	3.27718	3.869329	0.05325094	7.097619	4.291393
0.04489262	0.03857933	2.932041	0.2116581	0.05212595	7.465439	3.33183
0.5583799	1.435608	2.018689	1.283908	0.04927196	7.41456	3.905672
0.1469632	0.2886672	3.793348	0.1220068	0.05007855	7.381906	3.277453
0.1668538	1.065756	5.094165	0.7752385	0.0496287	6.895315	3.315123
0.1782398	1.089937	3.385069	0.4456659	0.05004876	7.016645	4.161957
0.02604497	0.0910649	4.50267	0.3080879	0.05233194	7.004265	4.081903
0.3329016	0.3270137	2.217941	0.1401145	0.04983808	7.052465	3.694199
0.1368788	0.6043824	3.172525	1.235035	0.0505774	7.171196	4.257706
0.04729336	0.5939472	3.966919	1.631853	0.05170757	6.601358	4.236747
0.07876017	0.8343054	5.292643	1.160979	0.05059733	6.947087	4.054193
0.006333197	0.02852215	7.159009	1.028025	0.05405561	6.946832	4.161199
0.07833346	0.1267707	5.22842	0.1046382	0.0509124	6.992089	3.865391
0.2122103	0.6042205	3.277283	0.2631671	0.05011824	6.984979	3.654518
0.1804207	0.6529128	2.645101	0.8754331	0.05058006	7.307358	3.555935
0.06447517	0.5340623	8.037044	0.1899286	0.05048985	6.997048	3.977903
0.1189242	0.4811938	3.178279	0.4615872	0.05102935	6.5066	3.948866
0.06413553	0.02110414	3.340902	0.08369573	0.0518702	7.157115	3.579946
0.09276303	0.467521	3.156999	0.4878932	0.05118376	7.180677	3.523196
0.03193435	0.06692005	2.489138	0.5237914	0.05320058	6.595409	3.838354
2.448852	10.83742	3.364175	0.6339148	0.04699304	6.968954	3.759381
2.241873	5.805027	1.624481	0.9833769	0.04795259	7.231858	3.542849
2.32051	9.572379	2.337234	1.005594	0.04722043	7.134916	3.540065
0.03923812	0.2369092	2.184154	0.7143508	0.05247981	7.374203	3.228163
0.01536393	0.02907496	3.306776	0.7323553	0.05352051	7.265624	3.826054
0.05969815	0.04759555	3.915444	0.1199616	0.05149344	7.000071	4.057614
1.237863	2.574358	1.95343	0.776702	0.04832849	7.138833	4.077618
0.2624484	0.8362594	2.380033	0.2992396	0.04997382	6.809284	3.517152
0.2498097	0.5191727	3.404433	0.124494	0.04958745	6.874859	3.384849
0.02498908	0.07951721	4.832364	0.3835401	0.05220284	7.273684	3.401644
0.01823402	0.004040681	2.230336	0.5940638	0.05416501	6.796631	3.907424
0.01376897	0.1004079	5.375343	0.434761	0.05294203	6.953637	4.427315
0.4679848	1.502078	4.343861	0.2684989	0.04851082	7.14186	3.960056
0.1510266	0.2008749	4.076017	0.1085004	0.04916515	6.939745	3.497769
0.1784397	0.9253011	5.587944	0.2682601	0.04845861	6.884636	3.252301
1.240361	1.914939	1.863322	0.2078635	0.04740036	7.435871	4.195622
2.55135	20.39841	4.129319	0.5196008	0.04556906	6.723526	3.636085
0.03389069	0.0714008	4.196423	0.5561186	0.05130789	6.659926	4.592778
0.003359032	0.007815645	4.890508	2.978321	0.05425338	7.093802	3.517664
0.9824721	11.44979	6.028894	3.409714	0.04644339	6.538261	3.855637
0.6731333	1.64061	1.916339	0.5815965	0.04817696	7.191749	4.087864
0.1081375	0.3121039	4.459368	0.5020504	0.0495964	6.720947	4.092026
0.2800546	1.966023	3.665623	0.08558918	0.04808601	8.041097	3.408792
0.26666	1.113939	4.974128	0.3667116	0.04811048	7.235845	3.577452
0.169971	0.4810903	3.980953	0.1405957	0.05060785	6.601953	3.657993
0.004715298	0.0009414128	5.61338	1.902489	0.0557017	7.131106	4.012085
0.04411791	0.39113	2.420012	2.954625	0.05305856	6.985453	3.713565
0.04213815	0.22527	4.142553	0.2437458	0.05238123	6.966883	4.16582
0.009085708	0.00413175	2.973314	1.165377	0.05530017	7.387087	3.424625
0.04695788	0.004872106	3.592613	0.1686416	0.0528204	7.314163	3.557124
0.03179619	0.05322682	2.523884	0.7163558	0.0535277	7.074462	3.279023
0.1420083	1.175124	4.994793	0.5952717	0.05049505	7.085226	4.071792
0.3576421	1.808433	4.467654	0.2713983	0.04936081	7.473654	4.052275
6.929701	11.21934	3.348548	0.1564495	0.0461305	7.043836	3.856908
0.2934984	0.8037966	4.788239	0.1423598	0.04961796	7.142035	3.985757
0.06765589	0.1774762	3.621514	0.2596119	0.050257	7.483887	3.574129
0.07306494	0.7530833	6.173842	1.584033	0.04960465	6.814664	3.728168
3.236109	17.45846	6.333414	0.006006943	0.04435381	8.163373	3.204702
0.08394399	0.3459745	2.729051	0.7306548	0.05043951	7.071323	4.095451
0.01933759	0.0273236	3.796067	0.6417262	0.05206977	7.484153	3.914025
0.9978817	2.162693	3.494866	0.2922561	0.04699471	7.164406	4.049209
1.085296	3.020886	4.200208	0.3081216	0.04660904	7.280003	3.657955
0.03363575	0.4071557	6.491483	0.7671266	0.05039197	7.294411	3.570117
0.01998248	0.02410339	2.971781	0.5910357	0.05233224	7.396079	3.686533
0.1510691	0.8822945	3.556111	0.4031807	0.0492324	7.199919	3.906943
0.2762673	0.4344022	2.380609	0.1148929	0.04896829	7.216754	3.599028
0.2131984	0.6626088	3.657626	0.3149368	0.04725082	7.191758	3.17116
0.0617976	0.05496727	1.969195	0.4145974	0.04982141	6.916294	3.755669
0.05037596	0.03949246	1.989536	0.33322	0.05003904	7.076862	3.634501
0.4545209	1.039989	3.739569	0.4568661	0.04639141	7.297366	3.619244
0.03142496	0.4021053	5.410808	0.5350898	0.04915499	7.30366	4.101549
0.2048122	1.261206	4.308646	0.7488812	0.04718226	7.013364	3.793595
0.04018314	0.1338825	3.567077	0.1827199	0.04942097	6.828584	3.32106
0.02689896	0.03660872	3.879229	0.3601628	0.05008183	6.689969	3.706782
0.02913242	0.0005267763	2.240036	0.47671	0.05112295	7.337558	3.603634
0.1850937	0.3040562	3.404469	0.2670648	0.04756393	7.306327	3.213495
0.009717549	0.1707521	4.479858	1.770663	0.0510105	6.909233	3.897523
0.00340178	0.005749841	4.275469	2.95681	0.05308795	7.38862	4.045182
0.02635899	0.9031935	5.624188	3.284335	0.04956622	7.209054	3.497793
0.02506975	0.02788754	2.652273	0.3585023	0.05090511	6.872021	3.781967
0.05329959	0.0730109	1.243544	0.4454	0.05072421	7.064261	3.450762
0.07382256	0.7819458	2.221953	3.272909	0.0495198	7.099938	3.864906
0.008643587	0.01254492	3.307338	1.125596	0.05207722	7.353956	4.112481
0.07788041	0.1924912	2.420696	0.6739055	0.04947598	6.852653	3.921911
0.04231454	0.0137144	3.130578	0.1972971	0.05011051	6.840269	3.450946
0.147425	0.7326297	4.199258	0.5357325	0.04783781	7.196076	3.602416
0.1836959	1.607901	7.602934	0.2739319	0.04677801	7.309728	3.702059
0.1247816	0.4999115	3.067788	0.800385	0.04846724	7.310912	3.863127
0.1674849	0.987565	5.497857	0.1752211	0.04968885	7.475635	3.505511
0.08013383	0.2805297	3.44051	0.2900785	0.05153383	6.520668	3.890631
2.322555	10.4895	2.609566	0.6934939	0.0474474	6.930397	3.894044
2.885057	4.210731	3.198346	0.2164304	0.04688833	7.329626	3.214526
0.6878666	2.387277	3.068943	0.2758854	0.04864643	7.287662	3.25527
2.043358	2.656582	3.000046	0.2745588	0.04754478	6.893111	3.810841
0.03266402	0.005409237	3.675983	0.3380726	0.05308584	6.696949	3.790455
0.307427	0.9967406	3.098554	0.6832615	0.04991042	6.703789	3.869144
0.05928819	0.02544471	3.971856	0.2095481	0.05193265	7.07455	3.823016
0.07877775	0.2922397	2.386243	0.5853617	0.05203196	6.650609	3.972928
0.2654077	1.866461	3.921171	0.9061286	0.04970051	6.974816	3.902115
0.007474932	0.000806149	3.431652	0.6328416	0.0543273	7.183409	4.343477
0.046733	0.9232535	5.97611	0.7254267	0.05027244	7.327083	3.27352
0.3497991	1.164306	2.568587	0.4966569	0.04896259	7.075846	4.005712
0.1827455	0.7834615	3.613757	0.8084807	0.04941395	7.170498	4.248623
0.01447163	0.02231528	3.076324	0.5428825	0.05308166	7.115089	3.683681
0.008189801	0.1334272	5.326243	1.344815	0.05295952	6.940247	3.742256
0.1997034	0.487443	3.578875	0.2854565	0.0493526	6.697794	3.857939
0.03580097	0.03558417	2.370054	0.2681012	0.05218973	6.829675	3.48502
0.008230603	0.008062876	5.501325	0.7727684	0.05324811	7.022035	3.640466
0.03089612	0.01846806	2.364952	0.3546563	0.0523908	7.35851	3.425654
0.2452245	1.462102	1.874272	1.617506	0.0497235	7.167235	3.41799
0.0245748	0.01386679	4.231031	0.2694777	0.05194692	6.565471	3.703593
0.008139591	0.007177668	3.368039	1.790977	0.05373	7.3928	4.002701
0.02883838	0.104351	2.774025	0.7713998	0.05207794	6.556672	3.830357
0.02224448	0.000536651	3.432597	0.3366252	0.05278474	6.638271	3.630488
0.1141299	0.2974859	2.583732	0.6400551	0.05028041	6.972934	3.886563
0.003090253	0.07486783	5.734857	3.579886	0.05415256	6.656313	4.247474
0.1008127	0.6966279	3.836315	0.4180001	0.04979446	7.027784	3.769692
0.08986672	0.4975173	3.228858	0.8720576	0.05014203	7.315824	3.352391
0.01153684	0.02601927	4.012298	0.7138321	0.05294642	6.581851	3.881519
0.5069443	1.615324	1.825104	0.7160112	0.04873297	7.068583	4.092868
0.02087441	0.04964459	5.136407	0.275696	0.05175398	6.568266	3.925467
0.2088144	0.5657782	2.930407	0.7204263	0.05002585	7.300183	4.088138
0.2208238	0.5755995	2.786865	0.2064925	0.0499036	7.041737	3.452919
0.2096475	0.5001694	2.611512	0.2946209	0.05004099	7.490825	3.71218
0.4918587	1.320957	4.306285	0.2941439	0.04835827	7.318952	3.556473
0.2854834	1.155882	2.33128	0.5465239	0.04986357	6.517453	3.308236
0.2318949	0.699477	2.434782	0.4084291	0.04996745	7.497973	3.564959
0.1379842	0.3112466	3.795004	0.2499838	0.05023652	7.256074	4.282889
1.20623	3.654015	7.601205	0.2227703	0.0466332	7.119064	3.877647
0.1063386	0.2234786	4.785453	0.1640886	0.05018629	7.352466	3.42559
0.004940298	0.006377761	6.567233	0.3910206	0.05425295	6.669019	3.407834
0.02789421	0.200261	2.843193	0.9606046	0.05269439	7.07225	4.054844
0.1755316	0.6784038	3.152442	0.268352	0.04938828	6.797238	3.99679
0.00200632	0.001624209	3.668728	4.035753	0.05579813	6.818209	4.057702
0.4907163	1.412297	3.075758	0.8166163	0.0481916	6.72435	3.560726
0.1844059	1.697767	2.276979	2.24148	0.04968105	6.957402	3.636878
0.5403244	1.220331	3.238867	0.1634492	0.04783219	7.380669	3.63931
0.05646267	0.1418587	4.575829	0.3283648	0.05049089	6.776848	3.755625
0.05696657	0.0111387	3.967378	0.1058924	0.05092177	6.727159	3.739501
0.1219137	0.7454052	4.806114	0.4923182	0.04923903	7.369147	3.754147
0.1131822	0.6200324	5.574064	0.1801752	0.04913484	7.146243	3.700909
0.02510819	0.0001544552	2.055084	0.4245135	0.05340309	6.710598	3.328828
0.07941567	0.6219772	2.929752	2.047779	0.05040431	7.412037	3.374332
0.08904464	0.228642	3.775422	0.3805303	0.05029106	6.574498	3.696765
0.06114745	0.2156642	5.657957	0.4529841	0.05032041	6.66749	4.322465
0.1567277	0.3640619	3.089296	0.2092803	0.04969682	6.926615	3.730672
0.03646266	0.08606477	3.215122	0.3850747	0.05161968	7.060576	3.852648
0.2614663	1.211325	5.376246	0.260447	0.04828724	7.153756	3.708147
0.03514907	0.0548389	2.675742	0.4476719	0.05201096	6.583056	3.502839
0.01629514	0.01292567	3.14322	0.6133308	0.05289102	7.224545	3.629785
0.2223247	0.5880881	3.206571	0.1972962	0.04925203	6.604858	3.930786
0.02136038	0.01745468	2.834547	0.680088	0.05261989	7.377394	3.604123
0.03598354	0.01325238	2.198225	0.504692	0.05241361	7.218452	4.451299
0.2826355	1.168262	2.462516	0.8271457	0.04924874	6.8274	3.867331
0.1108897	0.4116089	2.96821	0.2951731	0.05047524	7.28691	3.754438
1.179459	2.506552	1.745506	1.211503	0.04822849	6.906897	3.344327
0.02614848	0.007994869	2.452631	0.2949918	0.05300631	7.444709	3.903243
0.1233954	0.5690514	2.894802	0.6789421	0.05051985	6.711579	4.034015
0.04186356	0.1869372	3.904293	0.4278802	0.05151644	6.944355	3.821938
0.02646621	0.1540632	3.046441	1.415552	0.05249025	6.874942	3.610118
0.02095741	0.006107244	3.116405	0.4227198	0.05316446	6.641058	3.632116
0.01077863	0.00128539	2.894508	1.445221	0.0543573	7.414924	4.351797
0.06765591	0.5652331	4.665146	0.2865785	0.05053539	7.361089	4.495592
0.2011617	0.8726088	3.405191	0.6635928	0.04961929	7.213574	4.140906
0.3876701	1.168715	3.232975	0.5670593	0.04876629	7.396154	3.367882
0.0336441	0.005128404	4.294665	0.3105971	0.05173073	7.093973	3.295139
0.05771127	0.9442762	6.575369	3.147715	0.05017702	6.597157	3.878133
0.03453327	0.001076772	5.875302	0.06254084	0.05140289	7.16344	3.291603
0.2707747	0.9534305	3.454385	0.5875183	0.04888742	7.003691	3.441482
0.2309119	0.3933559	2.005176	0.1002325	0.04967459	7.355733	3.853557
1.582932	10.72439	2.511233	2.311585	0.0471935	6.521988	4.296273
0.01974492	0.09655369	5.112729	0.7353899	0.05196633	6.533842	3.706297
0.1093087	0.492997	6.58361	0.9054582	0.04934201	7.097855	3.912337
0.09958403	0.8361685	4.956905	0.4096093	0.04966797	6.647682	3.332041
0.3044539	1.342144	2.588126	0.9922474	0.04919292	6.604109	3.934261
0.180469	0.5594534	3.00921	0.7322751	0.04958189	7.321403	3.726612
0.02205839	0.1336261	3.768237	0.8487936	0.05274116	7.213078	3.406408
0.9339157	3.87047	2.368527	2.387047	0.04843678	7.430255	3.559006
0.6187814	3.394951	2.595243	2.639121	0.04894833	6.693488	3.574887
0.01425162	0.172194	5.003658	1.760019	0.05301449	7.267667	4.081523
0.4335126	1.158123	4.173234	0.5058594	0.04873071	7.258324	3.45984
0.2409731	1.169857	3.787094	0.1277754	0.04953519	6.693169	3.688385
0.01920042	0.02967939	3.446485	0.5307362	0.0532582	7.124675	3.759966
0.1249267	0.08428768	1.995133	0.1239649	0.05135485	7.099126	3.621707
0.04171291	0.2268512	5.210035	0.2072475	0.05140215	7.376902	3.863859
0.1954051	0.1379675	2.235496	0.08863472	0.05056998	6.943567	3.208778
1.376276	4.615036	1.557626	1.242353	0.04846854	6.918104	3.425538
0.01020817	0.0479615	6.07571	1.33724	0.05378693	7.383699	3.433251
0.03615003	0.1079619	4.851443	0.4003557	0.05236168	7.146579	3.842605
0.005914093	0.001323173	5.077759	0.7918632	0.0554177	6.531253	3.933311
0.07139401	0.2174118	3.377686	0.3192105	0.05180247	7.260916	3.528184
0.3846836	1.567961	4.144589	0.452659	0.04936763	7.122498	3.855638
0.2226975	0.2608722	2.464009	0.1319297	0.05070395	7.389881	3.591568
0.4854914	1.104106	4.019098	0.2455785	0.04908702	7.225033	3.526719
0.385788	1.624059	5.65648	0.2729464	0.04894419	6.98467	3.434265
0.04748465	0.01437076	2.981068	0.193142	0.05282567	6.888249	3.160388
0.02046138	0.101811	6.850485	0.3949812	0.05260796	7.130316	3.455741
0.150386	0.6225811	2.933872	0.477817	0.05104749	6.726762	3.528806
0.01404594	0.001890168	2.774421	1.198862	0.05308051	7.271196	3.70094
0.002708401	0.0009511224	4.219078	1.610333	0.05480334	7.125344	3.856498
2.229574	5.731795	4.177715	0.2994695	0.04558439	7.409364	4.106771
0.02511281	0.1601146	3.442084	0.9716386	0.05151378	7.002283	3.823294
0.04310212	0.01268468	3.744704	0.1410517	0.05094703	7.180786	3.928355
0.08377718	0.2091269	4.496273	0.1537869	0.0495916	6.953432	3.761059
0.2856937	2.048015	3.394889	2.420663	0.04838219	7.20571	4.012954
0.122612	0.5487454	3.294787	0.855295	0.04954587	6.623192	3.592708
0.009069175	0.001188537	4.898638	0.5567349	0.0530022	7.03747	4.072616
1.6541	10.06635	4.176366	1.35423	0.04590501	7.056926	3.185001
0.003349678	0.004793361	6.268022	1.72641	0.05379545	7.127239	3.865459
