0.1849749	0.1031423	2.522067	0.01794375	0.053541	3.430333
0.1849754	0.06250424	1.167882	0.01795494	0.04372409	3.525202
0.1849684	0.1078284	2.250495	0.01795029	0.04751052	3.43841
0.1849774	0.1422886	2.053214	0.01795153	0.05091701	3.516373
0.184974	0.06195827	1.88454	0.01795013	0.04364279	3.547314
0.1849489	0.966107	6.324582	0.01794647	0.06799482	3.308907
0.1849768	0.3848773	4.742231	0.01795172	0.05317071	3.760705
0.1849729	0.08188816	0.7368028	0.0179459	0.0634019	3.201668
0.1849795	0.3699389	2.207097	0.01794993	0.05802441	2.849347
0.1849544	0.1028394	1.493568	0.01795067	0.04317055	3.636356
0.1849743	0.171933	2.377977	0.01794743	0.04898001	3.46577
0.184972	0.7184658	4.484511	0.01794561	0.06225098	3.470885
0.1849795	0.09636563	1.786745	0.01795491	0.03896889	3.254045
0.184993	0.1653306	1.635464	0.01794231	0.06057897	3.469566
0.184965	0.1060906	1.720029	0.01793821	0.0573954	3.076768
0.1849907	0.2180738	1.960392	0.01794857	0.05398975	3.438096
0.184985	0.1957519	1.730816	0.01794995	0.05802611	3.397886
0.1849674	0.2618805	2.534109	0.01794527	0.06182458	3.462975
0.1849752	0.08153336	3.108081	0.01794614	0.04413861	3.693841
0.1850121	0.04007305	0.975045	0.01794828	0.04837704	3.556733
0.1850046	0.1100502	2.77587	0.01794283	0.05432917	3.842607
0.1849845	0.2338379	3.515431	0.01795095	0.05035852	3.645687
0.1849581	0.08186661	1.647861	0.01794534	0.05060267	3.541307
0.1850018	0.06965092	1.374007	0.01794544	0.05375761	3.553372
0.1849778	0.4771476	3.846179	0.01793902	0.06371038	3.464639
0.1849912	0.1637361	3.380674	0.01794144	0.04881865	3.632036
0.1849849	0.1543657	2.004088	0.01795493	0.0401257	3.174313
0.1849672	0.2700202	3.157998	0.01794152	0.05416986	3.423615
0.1849772	0.2764591	2.467746	0.01794277	0.05696633	3.262132
0.1849712	0.1860364	2.502804	0.01794241	0.05171165	3.21709
0.1849799	0.469114	4.083128	0.01794395	0.05613806	3.569369
0.1849786	0.3820754	2.982644	0.01794328	0.05808486	3.511897
0.1849385	0.3996523	1.951982	0.01795023	0.05496549	3.473661
0.1849709	0.1470121	1.645499	0.01794769	0.04954896	3.661068
0.1849743	0.1857335	2.38839	0.01794328	0.05405017	3.315407
0.1849746	0.254818	3.470033	0.01794518	0.05153643	3.31227
0.1849723	0.1329195	2.494359	0.01794074	0.05186665	3.523362
0.1850003	0.116472	2.589883	0.01794101	0.05101444	3.94014
0.1849659	0.7489851	5.891083	0.01793991	0.06486482	3.932563
0.1849545	0.05203266	1.114962	0.01794647	0.0427675	3.238583
0.1849706	0.2234399	3.466842	0.01796185	0.04283663	3.282141
0.1849603	0.3382452	2.506011	0.01795424	0.05884948	3.506121
0.1849618	0.09304592	2.197694	0.01794495	0.05462678	3.6579
0.1849707	0.4323558	3.131048	0.01795823	0.05455949	3.967197
0.1849758	0.6176486	4.332998	0.01794965	0.0690336	3.124055
0.1849875	0.4937113	4.465384	0.01795388	0.05951909	3.500923
0.1849744	0.2939385	2.711673	0.01795556	0.05581775	3.263192
0.1849727	0.1227303	2.655921	0.01794808	0.05369617	3.224829
0.1849738	0.2298643	1.976462	0.01794587	0.06090355	3.369933
0.1849564	0.0678323	2.324635	0.01794443	0.04443639	3.242536
0.1849546	0.6214036	4.240202	0.01794974	0.05852	3.282742
0.1849793	0.180809	3.795754	0.0179433	0.05314477	3.434955
0.1849554	0.08586097	1.390133	0.01794811	0.04842806	3.202178
0.184998	0.1056954	2.738993	0.01795137	0.04248241	3.978785
0.1849917	0.3432748	3.036846	0.0179517	0.05465925	3.58783
0.1849805	0.1467582	1.948578	0.0179532	0.0471117	3.350235
0.1849653	0.2356036	3.67944	0.01795553	0.0526544	3.379066
0.1849853	0.2337613	4.475355	0.01795445	0.05276502	3.586854
0.184971	0.2033353	1.754435	0.01795947	0.05514329	3.399366
0.1849844	0.2315449	2.095449	0.01795989	0.05494664	3.602281
0.184964	0.05676594	1.639535	0.01796023	0.03960031	3.962321
0.1849872	0.1073354	3.662551	0.0179543	0.04609686	3.564243
0.1849857	0.3141372	3.827691	0.01795145	0.06213799	3.911784
0.1849717	0.1451774	2.12018	0.01795678	0.05160808	3.595049
0.1849752	0.3624448	2.14577	0.017945	0.05388417	3.500109
0.184988	0.03431906	1.793902	0.01793778	0.03857922	3.149348
0.184986	0.5496085	4.535359	0.01793614	0.06240894	3.569354
0.1849671	0.1311104	2.933884	0.01794342	0.04060591	3.360497
0.1849729	0.1705566	3.879359	0.01794698	0.03778948	3.459836
0.184964	0.3028753	2.712863	0.01794298	0.05055903	3.457951
0.1849709	1.146749	8.753873	0.01794514	0.05136662	3.766103
0.1849528	0.8430859	5.428869	0.01793881	0.05907922	4.00689
0.184994	0.2549471	1.839638	0.01795489	0.05456952	3.788891
0.1849493	0.09399805	3.648628	0.01794557	0.04361322	3.098695
0.1849989	0.07480454	1.083244	0.01795913	0.0422484	3.477346
0.1849657	0.195533	1.313299	0.0179442	0.06730463	3.705392
0.1849415	0.3333134	2.883843	0.01793984	0.06940276	3.257038
0.1849758	0.07642856	2.214754	0.0179452	0.04811201	3.338828
0.184957	0.08708239	1.287005	0.01795441	0.04462978	3.10677
0.1849735	0.3158775	4.104961	0.01794882	0.05377349	3.666037
0.1849779	0.254252	2.630039	0.0179467	0.06113664	3.505227
0.1849695	0.2924698	2.630342	0.01794685	0.06270434	3.257107
0.1849681	0.4466116	5.118538	0.01794647	0.05978275	3.607643
0.1849644	0.1235261	2.531041	0.01795304	0.04420054	3.523583
0.1849742	0.1616429	2.063135	0.01795064	0.05316338	3.222126
0.1849616	0.3326584	3.464278	0.0179503	0.05553652	3.400596
0.1849734	0.2905429	2.14157	0.01795188	0.05878405	3.301451
0.1849682	0.2459831	3.230135	0.01794302	0.06196146	3.584775
0.1849606	0.3410029	2.443808	0.01794777	0.06133994	3.7721
0.184976	0.1037354	1.360472	0.01795138	0.04989005	3.480135
0.1849615	0.356767	3.976371	0.01795158	0.05130958	3.764342
0.1849691	0.173425	3.41152	0.01794517	0.05243898	3.504741
0.1849771	0.3419576	4.913112	0.01794812	0.05368134	3.678786
0.1849913	0.06830632	1.597547	0.01794834	0.04766071	3.49158
0.1849896	0.2506787	3.937767	0.0179425	0.06020144	3.776477
0.1849568	0.1178275	1.367954	0.0179502	0.05155254	3.312308
0.1849601	0.1662415	4.230468	0.0179387	0.04911063	3.488512
0.1849815	0.2789758	4.767998	0.01794674	0.04642681	3.678457
0.1849601	0.165972	3.230001	0.01794606	0.04461318	3.166995
0.1849631	0.5260898	3.952313	0.01794802	0.05334658	3.63164
0.1849622	0.2518883	1.435927	0.01794584	0.0589192	3.366623
0.184969	0.3941471	2.812765	0.01794578	0.05680613	3.652567
0.184964	0.3696875	3.120453	0.01794531	0.05506267	3.525825
0.1849814	0.2558115	2.581717	0.01793801	0.06342452	3.500109
0.1849585	0.2600626	2.493737	0.01794799	0.05332515	3.681781
0.1849629	0.1949741	3.751603	0.01794378	0.05042933	3.610018
0.1849747	0.1244603	1.859579	0.01794492	0.05295056	3.206976
0.184995	0.08024173	1.951023	0.01795422	0.03938377	3.303573
0.1849652	0.3932669	4.038259	0.01794925	0.0529128	3.086219
0.1849755	0.3183028	2.622328	0.01795323	0.05028421	3.828373
0.1849661	0.2717105	3.371513	0.01794971	0.04940529	3.448232
0.1849723	0.4759708	4.162567	0.01794863	0.05594297	3.31712
0.1849668	0.1148419	1.467484	0.01795037	0.04728871	3.641549
0.1849655	0.2639319	4.040614	0.01794884	0.04778876	3.624992
0.1849618	0.3024631	3.28013	0.01794339	0.05796103	3.65822
0.1849602	0.1217999	2.057495	0.01794373	0.05158574	3.34685
0.1849918	0.1284086	1.307946	0.01794648	0.05636316	3.578859
0.1849423	0.2013481	4.301156	0.01794812	0.0434061	3.666332
0.1849676	0.0698773	1.554298	0.01795375	0.03833848	3.837009
0.1849732	0.7617005	4.276108	0.0179437	0.06999691	3.070746
0.1849819	0.2099546	3.395607	0.01794642	0.04965808	3.295137
0.1849777	0.3755383	1.583006	0.01794356	0.07136849	3.289151
0.1849819	0.8550694	3.432348	0.0179533	0.05893011	3.592818
0.1849576	0.3420479	2.273379	0.01795006	0.05361207	3.715891
0.1849568	0.08166512	2.065157	0.01794589	0.04248989	3.855929
0.1849744	0.2461617	2.798481	0.0179445	0.05527389	3.466939
0.1849819	0.1516462	1.559019	0.01794909	0.05145876	3.1905
0.1849898	0.2765412	2.048976	0.017945	0.06108299	3.712491
0.1849845	0.2267977	3.13585	0.0179432	0.05977952	3.258181
0.1849739	0.02688282	1.545489	0.01794374	0.04053151	3.50359
0.1849625	0.2343637	1.936143	0.01795639	0.04825781	3.34118
0.184956	0.1168163	1.799161	0.01794992	0.04742277	3.409433
0.1849337	0.7126336	6.29877	0.0179482	0.05583219	3.460506
0.1849566	0.09380544	3.550163	0.01795448	0.03514858	3.361719
0.1849874	0.09933958	1.359843	0.01795338	0.04682268	3.509376
0.1849904	0.3178454	2.131203	0.01795263	0.05663932	3.897942
0.1849843	0.6147031	5.053102	0.01794904	0.06481244	3.247933
0.1849688	0.09910754	1.518433	0.01795415	0.04737883	3.404599
0.1849624	0.110489	1.097956	0.01795406	0.05147379	3.647333
0.184974	0.1869579	4.292486	0.01795728	0.04114338	3.545756
0.1849773	0.3275263	1.55765	0.01795199	0.06591934	3.746499
0.1849747	0.4426048	2.89579	0.01795133	0.06322843	3.358572
0.1849741	0.3138264	3.707675	0.01794691	0.06080268	3.382133
0.1849673	0.3720522	2.468221	0.01795243	0.06091074	3.21583
0.1849801	0.1317618	1.881903	0.01794696	0.05489304	3.439868
0.1849687	0.2103927	1.914533	0.01795891	0.04626107	3.338454
0.1849797	0.319817	2.07953	0.01795243	0.05846379	3.602343
0.1849735	0.1923966	3.502503	0.01794904	0.04972374	3.373664
0.1849655	0.09412967	3.032718	0.01795429	0.03765426	3.780244
0.1849629	0.3046285	4.086318	0.01794405	0.0592642	3.252887
0.1849916	0.1065111	1.819379	0.01795163	0.04819364	3.410873
0.1849911	0.04806119	1.631228	0.01795023	0.04210384	3.396021
0.1849582	0.1690017	3.138106	0.01794549	0.05705579	3.373577
0.1849623	0.1910519	3.951283	0.01795368	0.0462711	3.823798
0.1850014	0.2675637	1.267848	0.01796334	0.054704	3.888371
0.1849817	0.6364096	4.166706	0.01795302	0.06376976	3.704277
0.1849737	0.4184757	3.152137	0.01795246	0.0618642	3.423167
0.1849819	0.5272244	4.542574	0.01795282	0.06079598	3.301915
0.1849724	0.1176502	1.837791	0.01795162	0.05180816	3.760529
0.1849565	0.1649359	1.564083	0.01794671	0.0632617	3.858787
