0.7371019	0.4609296	0.4998879	2.635493	0.07967637	0.05666614	7.063484	3.769225
0.7395307	0.4609247	1.687734	6.382748	0.1017045	0.05497957	7.211555	3.772007
0.7357071	0.4608574	0.441966	2.656296	0.08864081	0.05569476	7.204733	3.915119
0.7375875	0.4608966	3.590743	3.113301	0.1342935	0.05846888	7.614232	3.901485
0.7375503	0.4608817	0.8222917	3.234676	0.02166935	0.05090259	8.125421	3.935337
0.7368022	0.4609168	1.154977	4.619128	0.05547491	0.05689225	8.525619	3.971369
0.7387733	0.4609477	0.9438389	4.211917	0.1134296	0.05682761	7.289533	3.521512
0.7339804	0.4608604	0.8776226	2.776098	0.2274155	0.05577115	7.237401	4.027987
0.7379081	0.4608755	2.140398	3.883479	0.2903853	0.07098697	6.598276	3.520934
0.7372787	0.4608933	0.4840079	2.112404	0.106859	0.05373232	8.626893	3.725346
0.7384665	0.460929	0.9556706	2.184155	0.0201917	0.05441359	7.725084	3.857714
0.7386362	0.4609336	1.749237	4.547543	0.1204761	0.05776072	7.029538	4.063253
0.7367603	0.4609251	1.338409	3.980382	0.08932778	0.05610465	7.207057	4.1193
0.7371336	0.460916	1.463062	5.147375	0.08592392	0.0586912	7.208368	3.214066
0.737739	0.4609018	1.228703	4.490146	0.1538631	0.06820275	7.255059	4.04859
0.7378419	0.4609447	0.4463026	4.795749	0.03211688	0.05445199	7.403508	3.477499
0.7357423	0.4609432	0.8937743	2.618859	0.05059603	0.04354257	7.769978	3.661092
0.7392658	0.4610201	1.887338	5.857591	0.03226113	0.04594378	8.118853	3.824314
0.7361688	0.4609248	1.496747	2.179959	0.08922825	0.04814527	7.696585	3.44821
0.7347706	0.4609149	3.168663	7.664029	0.1949675	0.05738328	7.391663	3.813132
0.7369307	0.4608985	0.7525049	2.211599	0.1058794	0.05734993	8.528313	3.29475
0.7367782	0.4609283	2.536811	2.971137	0.3459953	0.07191573	7.291303	3.523994
0.7332062	0.4608878	1.079824	3.047164	0.06268847	0.04471413	8.16451	4.127584
0.7350865	0.4608862	2.364215	4.561776	0.3036896	0.06447575	8.560648	3.848259
0.7363795	0.4608903	0.9972047	3.384041	0.1644387	0.06133825	7.302038	4.01809
0.7366698	0.4608686	2.398129	2.614031	0.6307261	0.06620135	7.223978	4.125522
0.736936	0.460907	1.671612	4.052559	0.1281123	0.0561769	6.888544	3.895881
0.7413667	0.4609241	0.9404678	4.967963	0.03505669	0.06020594	6.935808	4.112485
0.7391975	0.4609529	1.264889	2.327303	0.01765064	0.04427986	7.792464	4.104868
0.7329689	0.460889	2.102749	3.217722	0.2164648	0.06194321	6.700935	3.782924
0.7353956	0.4609147	1.527272	2.708187	0.3703641	0.05931893	6.71997	3.858739
0.7333146	0.4608771	1.746837	3.333636	0.6090911	0.0570348	8.693771	3.788944
0.736852	0.4609538	2.614465	8.458038	0.222064	0.06196066	7.296799	3.774725
0.7368939	0.4608848	0.8810314	4.384957	0.06877012	0.06208695	6.579209	4.182882
0.7324684	0.460887	5.277236	12.47028	0.5333601	0.05418341	8.531672	4.161359
0.7327635	0.4609373	1.064829	2.446687	0.4017921	0.05449798	8.865241	4.041786
0.7353169	0.4608832	0.8418493	2.71906	0.1493905	0.0579373	6.528897	3.857828
0.7392797	0.4609132	0.9626627	2.053953	0.07574528	0.06784288	6.837393	3.80692
0.7339077	0.4609019	1.16763	3.086392	0.2710024	0.06207528	7.248474	4.150538
0.7378443	0.4608429	1.477508	2.901396	0.1633566	0.06676568	6.963053	3.672272
0.7359098	0.4608837	1.875337	7.592047	0.2405872	0.06294476	8.547623	3.712479
0.7375277	0.4609529	0.9203001	2.383109	0.1739775	0.05717536	7.184026	4.022629
0.7384968	0.4609031	0.7300762	3.20242	0.02893565	0.04455354	8.272385	3.507654
0.7353386	0.4608713	0.9983414	3.188875	0.1399636	0.06045102	7.225658	4.141083
0.736619	0.4609053	1.92766	4.086079	0.4815829	0.06038074	7.016324	3.564484
0.7368044	0.4608913	1.715158	4.665528	0.2140633	0.06705728	7.076946	3.988876
0.7372	0.4609164	1.248985	4.408662	0.07643434	0.06027412	7.096366	3.958002
0.7360365	0.460922	1.22092	3.966244	0.1403973	0.06178678	7.225904	4.010028
0.7349918	0.4608917	2.606304	5.850323	0.1427753	0.05671158	7.430348	3.975092
0.7354986	0.4608639	2.071825	3.049657	0.4608557	0.06918396	7.225784	3.347378
0.7378488	0.4608993	0.6756888	1.569291	0.2381187	0.05497443	7.344282	3.856576
0.7371781	0.4608846	1.137912	2.962571	0.04949928	0.06537576	7.062411	3.442293
0.7371685	0.4609067	1.990971	3.922152	0.1423713	0.06727897	7.333684	3.577356
0.7371722	0.4609176	2.031081	3.323599	0.100833	0.06581664	7.710585	3.561911
0.7349475	0.4609275	3.179171	5.164174	0.1123692	0.05054555	7.635512	3.878736
0.7293717	0.4608568	2.651097	4.187043	0.7739274	0.05384282	7.412712	4.042042
0.7357775	0.4608848	1.427449	2.509924	0.2030131	0.06007254	7.355983	3.828246
0.7368892	0.4608858	1.15798	1.937911	0.3368212	0.05779212	6.909721	3.657117
0.7369394	0.4609044	2.086841	3.426255	0.574581	0.07486957	7.442632	3.544465
0.7356163	0.4608768	3.051732	5.102437	0.8166672	0.07441513	7.315508	4.066688
0.7368961	0.4609502	1.140624	5.227351	0.1301246	0.05687478	7.360236	3.763704
0.7370645	0.4609384	2.260348	4.887627	0.2341463	0.05611837	7.432011	4.11274
0.7367726	0.4608827	1.306324	4.68912	0.06887534	0.06321715	6.768642	4.26695
0.734962	0.460933	1.574721	3.927228	0.1633869	0.05776693	7.326726	4.246501
0.7370604	0.4609387	0.5458177	2.961246	0.1435145	0.05666927	9.171249	3.499718
0.734883	0.4608836	1.358978	4.737099	0.2328027	0.05941619	6.929639	3.875215
0.7362114	0.4608993	2.350865	3.996502	0.342406	0.05965219	6.93457	4.007237
0.7397211	0.4610287	0.6962884	4.771449	0.01311639	0.04244586	7.677296	3.481191
0.7347088	0.4609179	3.654994	2.545275	0.3510706	0.04947736	6.127902	3.510377
0.7366583	0.4609294	2.059528	5.278605	0.1840266	0.05460224	7.345256	3.705437
0.7394469	0.4609214	2.123065	3.651172	0.1194524	0.06385712	6.945513	3.673188
0.7378607	0.4608672	1.99199	2.160721	0.3422843	0.06421303	7.484644	4.142676
0.7352989	0.4608642	1.592885	2.829909	0.2886192	0.06202028	7.224816	3.629947
0.7361365	0.4608664	0.444408	2.990897	0.07692701	0.05692172	6.91128	4.201974
0.7393114	0.4609308	0.7982477	1.725413	0.1529442	0.06007705	6.852314	3.875273
0.7389198	0.4609639	1.616839	3.686812	0.1441269	0.06277046	6.570141	3.938927
0.7379555	0.4609456	1.688962	4.631368	0.1037791	0.05935231	7.35626	3.229772
0.7419344	0.4610022	0.3435696	7.324123	0.01545201	0.05573053	6.856953	3.767551
0.7365138	0.4609654	2.775765	10.48941	0.05373538	0.05655296	6.907716	3.677898
0.7390776	0.4608979	3.263269	4.78651	0.4636264	0.07277963	7.393337	3.639595
0.7357253	0.4609515	2.647331	6.157287	0.05596429	0.05284936	7.701716	3.894365
0.738476	0.4609775	2.072578	4.831135	0.134381	0.06058021	7.276872	3.742124
0.7372561	0.4609366	0.4160482	2.337755	0.02899497	0.05856311	7.122418	3.466525
0.7339054	0.4609051	2.273269	6.317191	0.8083153	0.05442429	6.822775	4.18809
0.7387744	0.4609819	1.498494	5.349284	0.1054518	0.05366111	7.126374	4.006124
0.7393451	0.4609429	1.554307	5.759452	0.07411014	0.05375942	7.111677	3.415082
0.7350771	0.4608853	2.284439	4.835717	0.5165106	0.06426997	6.81309	3.918528
0.7328593	0.4608736	1.087287	3.08838	0.2814609	0.05865387	6.909052	3.702851
0.7369965	0.4609705	1.461498	5.644103	0.105577	0.05412511	7.30029	3.890229
0.7380602	0.4609144	0.8244586	3.302624	0.1054452	0.05834179	6.582448	3.696431
0.7355797	0.4608377	2.486418	3.127467	0.4381402	0.06627752	7.026158	3.882043
0.7337662	0.4609924	1.142799	4.220877	0.2282947	0.05324267	6.955603	3.910728
0.7352589	0.4608846	2.616175	4.252502	0.3842384	0.06007076	6.850318	3.887427
0.736137	0.4608696	2.024007	8.102065	0.1850205	0.06015904	6.942649	3.464867
0.7368629	0.4609027	0.6923214	2.431957	0.0945917	0.06004774	7.181541	3.670932
0.7371501	0.4609004	0.3671373	0.9770764	0.02637791	0.0453993	7.527271	3.599048
0.7377961	0.4609198	1.778716	4.171047	0.09683253	0.06396927	7.076659	3.144573
0.7388117	0.4609259	1.704872	3.641688	0.221052	0.06148082	6.974162	3.852658
0.7340494	0.4608835	1.709092	4.396472	0.1844354	0.05810372	7.318222	3.465015
0.73769	0.4609742	1.616809	4.930293	0.2487151	0.06232312	6.814653	3.92005
0.7339327	0.4608367	7.400675	8.718019	0.5437373	0.05778439	7.363319	3.73123
0.7352203	0.4609022	1.801355	4.30888	0.3874309	0.0574594	6.954718	3.747516
0.73729	0.4608186	1.018403	2.639849	0.2449811	0.05960506	6.799456	4.013661
0.7357382	0.4609231	1.206457	2.266331	0.2818824	0.06345548	8.977832	3.391427
0.7351055	0.4609324	1.526497	4.939019	0.3310712	0.05565344	7.383352	3.897042
0.7345402	0.4609133	1.223888	5.848586	0.12958	0.05395654	6.962586	3.782819
0.7370017	0.4608904	0.9772279	3.188539	0.05365234	0.06340017	7.397474	3.919566
0.7388917	0.4609069	1.461749	4.344421	0.1043399	0.05509904	7.237975	3.781639
0.7365028	0.4608641	0.2776015	1.32114	0.1018204	0.05393235	7.498824	3.715924
0.7337788	0.4608325	1.561201	2.155069	0.5513993	0.06267038	6.879358	3.957092
0.7365689	0.460914	1.178974	3.224962	0.1315312	0.0594251	7.387291	3.856845
0.7368172	0.4609401	0.6207853	3.344018	0.08566786	0.05087319	8.510315	3.666995
0.7355691	0.4608411	1.177704	1.373908	0.3893442	0.06405599	6.848151	3.700916
0.7389008	0.4609694	2.875804	7.088498	0.2613663	0.05523186	6.803509	3.806813
0.7361535	0.4609668	1.682954	5.988261	0.07777996	0.05517461	7.480259	3.815354
0.7377302	0.4608909	1.347855	4.15202	0.04900352	0.06613664	7.145409	3.656017
0.7331121	0.4608783	1.077953	2.061894	0.1828759	0.05890862	7.44212	3.953019
0.7351586	0.4608999	2.082174	3.956476	0.6253539	0.05985206	6.712003	3.904021
0.7388512	0.4608933	0.7131214	2.05527	0.121933	0.06565128	8.77898	3.559615
0.7386379	0.4609463	0.3073576	2.696957	0.05524779	0.05596969	7.389199	3.781758
0.7364222	0.460879	1.022064	2.696594	0.2899505	0.05508437	6.698327	3.703238
0.7383293	0.4609175	0.2602838	2.253619	0.06254468	0.0537092	7.129571	3.660551
0.7360594	0.4609519	3.831042	5.595561	0.7208344	0.06049811	6.539588	3.852772
0.7349139	0.4608697	1.544667	4.39808	0.1628788	0.05950775	7.304911	3.839913
0.7347103	0.460894	0.8171024	2.389108	0.1610188	0.05137522	6.690742	4.132854
0.7367507	0.4609431	3.293948	6.029405	0.2583419	0.06319954	7.065908	4.064884
0.7370583	0.460878	2.714284	2.284842	0.2158193	0.06407675	7.077565	3.416109
0.7358015	0.4609171	1.315988	3.399353	0.3511233	0.05893706	7.018438	4.124239
0.7365692	0.4609288	2.382105	5.955069	0.1783879	0.05576541	7.051389	4.064049
0.7400174	0.4609131	1.265562	1.289187	0.07032371	0.05637709	8.444995	3.523692
0.7327961	0.460875	1.558335	2.300088	0.610419	0.05779051	7.234775	3.74872
0.7353713	0.4608513	0.9935596	2.218349	0.2285812	0.05866455	7.042135	3.85205
0.7355586	0.460909	1.091261	2.604987	0.211269	0.05994269	7.06548	3.503958
0.733708	0.460884	6.179647	5.106256	1.492511	0.07344208	7.35164	3.887453
0.7362987	0.4609467	1.35067	4.410968	0.1312133	0.05504213	7.235241	3.73281
0.7408319	0.4609717	1.910603	4.498512	0.02580621	0.04913273	8.01767	3.854116
0.736251	0.4609902	3.595627	7.529095	0.2230723	0.06004915	6.864019	3.904286
0.7353042	0.4609059	0.9446986	3.08659	0.2636818	0.0572382	8.658716	3.336679
0.7366515	0.4609017	2.07452	1.725909	0.4159205	0.06191715	7.434092	3.913079
0.7379021	0.4609355	0.5382764	3.848525	0.04679269	0.05785125	7.423471	3.692163
0.7354981	0.4609637	4.125751	10.38821	0.3615261	0.05512765	6.933731	4.181894
0.7362948	0.4609017	0.887788	3.145772	0.1373653	0.05346569	7.023777	3.656642
0.7380316	0.4608921	2.402192	6.053676	0.1936367	0.06223857	7.159571	3.809235
0.7347759	0.4608509	0.8034639	3.260163	0.06924463	0.05924492	6.615645	3.926457
0.7378963	0.4609442	3.289431	4.241994	0.06359212	0.05859667	7.21344	3.975504
0.7344035	0.4608805	1.439845	2.656217	0.5521817	0.0587387	7.462751	4.087125
0.7376289	0.4609135	1.977698	3.607985	0.3312407	0.06870259	7.251763	3.826059
0.734521	0.4609505	1.78952	4.621277	0.2140751	0.06040016	7.272813	3.757083
0.7376129	0.4608681	1.346024	1.974417	0.1418377	0.06490427	7.304333	3.627459
0.737357	0.4609238	0.7316127	4.301108	0.06116567	0.05356719	7.141542	3.93101
0.7361853	0.4609147	1.189308	3.632608	0.1012043	0.06061648	6.927488	3.585995
0.7363785	0.4609165	2.012733	4.24769	0.2084125	0.0623562	7.498259	3.70182
0.7344104	0.4609356	2.144612	4.631122	0.3708619	0.05164316	6.613066	3.923459
0.7367468	0.4609022	1.00208	4.627497	0.141363	0.05694234	6.533731	4.394355
0.7345409	0.4608758	1.397255	6.470732	0.1279952	0.05329036	6.54385	4.217929
0.7347137	0.4609492	2.821376	7.128076	0.2077694	0.06424953	6.809876	3.414792
0.7352244	0.4608737	0.9277671	2.353563	0.133381	0.05871539	7.315686	3.857342
0.7368522	0.4609153	0.7157808	2.577559	0.09116714	0.05431219	6.886539	3.746268
0.7392379	0.4609439	1.779866	2.910008	0.07205136	0.0561154	8.287424	3.629873
0.7383441	0.4609633	0.4868918	7.098925	0.02219775	0.05421416	8.934719	3.810605
0.7400614	0.4609562	0.8943638	8.469695	0.03935269	0.05537125	6.921689	4.087204
0.7356477	0.460904	0.8028185	2.674956	0.0809846	0.05579895	7.249419	4.169757
0.7354444	0.4608653	0.8288163	2.07115	0.3786922	0.05796098	6.91725	4.039343
0.7346097	0.4608477	1.912512	2.810206	0.4687402	0.05726096	7.338183	3.920087
0.7409925	0.4609845	0.8080352	6.288194	0.02601968	0.05359194	7.07297	3.577476
0.7391496	0.460903	1.76762	3.265599	0.1506815	0.06344813	6.81869	3.86842
0.736514	0.4609121	1.582867	3.792279	0.1654216	0.0586648	7.19454	3.366269
0.7335856	0.4608813	1.664501	3.709973	0.3635697	0.05867161	7.019135	4.045772
0.7381141	0.4609242	1.147597	2.086155	0.1054766	0.05836898	7.037561	3.801566
0.7376591	0.4609541	3.986923	5.312633	0.1308841	0.05969031	8.08311	3.593661
0.7345248	0.4608899	3.243783	3.732008	0.4380195	0.06294612	6.970571	3.466699
0.7375402	0.4609647	3.025677	4.985292	0.3792249	0.06069203	7.01327	3.744037
0.7368493	0.4609352	2.266488	1.608143	0.2028056	0.05099766	7.68733	3.160883
0.7343874	0.4608935	1.334796	6.972672	0.1900796	0.05630789	8.572156	3.922179
0.7389197	0.4609089	1.287661	3.722705	0.1188564	0.06366954	6.550522	3.735845
0.7384959	0.4609193	0.5315091	3.607938	0.05429543	0.05523408	7.045092	3.823966
0.7377775	0.4609294	0.898376	2.725146	0.1224033	0.05792986	7.421899	3.723718
0.7376067	0.4609431	4.507737	4.088487	0.1364767	0.05646655	8.116746	3.880544
0.7363334	0.4609629	3.502743	4.900259	0.2329762	0.06495207	7.318713	3.753192
0.7385976	0.4608921	0.8954576	3.244623	0.1627605	0.05734209	7.140746	3.80225
0.7369747	0.4609114	2.772683	3.739216	0.325814	0.05856011	7.247375	3.949784
0.7366995	0.4609335	0.5822928	2.607019	0.1019961	0.05920283	8.676275	4.13106
0.733939	0.4608971	1.652688	3.619502	0.2557162	0.05582803	7.106725	3.873988
0.735579	0.4608725	0.9756788	1.523858	0.1301771	0.06141507	7.116956	3.778805
0.7362607	0.4609124	1.045461	3.631875	0.1324609	0.0605013	7.202361	3.466603
0.7355301	0.4609549	1.047947	4.885941	0.1137126	0.05456477	8.605311	3.744274
0.7347427	0.4608815	0.6322294	1.550798	0.1910712	0.0575368	6.928909	3.739799
0.735838	0.460922	1.581688	4.576426	0.0762897	0.0494289	7.566999	4.034638
0.7364408	0.4609616	0.9146945	2.339032	0.03234574	0.04764986	7.973908	3.575644
0.7375966	0.4608918	1.411679	3.438882	0.2286705	0.07174533	8.780562	3.776854
0.7353642	0.4608815	2.35332	3.958705	0.3859947	0.06237743	6.714984	3.871225
0.7356697	0.4609236	1.976758	5.253101	0.08962736	0.06264473	8.650426	3.747693
0.732556	0.4609154	1.59849	3.785389	0.2127194	0.05313761	7.448193	4.162841
0.7363502	0.4608807	1.841634	3.088207	0.5084195	0.0611781	6.754555	4.122234
0.7366123	0.4608542	2.053377	2.244454	0.4090468	0.06538936	7.254061	3.6098
0.7392	0.4608983	1.022326	2.029442	0.07213135	0.063035	7.491565	3.733171
0.7397679	0.4609506	1.909883	6.623326	0.08228796	0.05491592	6.544051	3.912864
0.7357922	0.460949	1.882363	8.03254	0.05308305	0.05274865	8.783478	3.424556
0.7349181	0.4609431	1.379798	4.282599	0.1352693	0.06217807	7.407876	3.438138
0.7384546	0.4609435	1.072969	3.827632	0.1112808	0.0536743	7.443304	3.53879
0.7395924	0.4609681	1.458857	4.145874	0.06703219	0.06474154	6.791635	3.70695
0.7345789	0.4608769	3.039212	6.154192	0.8501661	0.07236444	7.187454	3.895134
0.7358515	0.4609246	2.262596	7.442143	0.2976696	0.06246155	7.437812	3.433047
0.7382592	0.4609187	0.5511881	1.072876	0.0432684	0.04730667	7.552134	3.543438
0.7360802	0.4608664	0.8589917	3.304551	0.1517535	0.05705114	7.243319	4.213302
0.739575	0.4610001	0.3676002	2.075414	0.01486317	0.0492246	7.880772	3.741423
0.7338456	0.4608797	1.671591	4.446295	0.5389164	0.05679834	6.915512	4.196408
0.7367857	0.4608955	1.63837	2.789906	0.3156667	0.0661451	6.578292	3.997597
0.7387346	0.4609269	1.328892	4.194788	0.0894002	0.05640428	6.704992	3.841154
0.7354714	0.4609114	1.770698	5.717031	0.2409093	0.05348095	7.486651	4.102602
0.7384904	0.4609267	2.419828	3.347225	0.4369297	0.05657884	6.996576	3.981197
0.7363648	0.4608964	0.6521464	4.402676	0.150959	0.06201886	6.937423	4.421102
0.7397653	0.4609732	1.077148	6.615747	0.02693146	0.04691861	7.875662	3.849174
0.7349098	0.4608948	1.344682	2.357857	0.3411989	0.05599355	7.190476	3.48324
0.735935	0.4609077	1.825739	5.164498	0.1533202	0.05838756	7.355594	3.975111
0.7327738	0.4609198	1.775687	4.501537	0.5735327	0.05806568	6.737626	4.019221
0.7362232	0.4608538	1.01492	2.439829	0.1406957	0.06217048	7.301829	3.997724
0.7368944	0.4608963	2.04666	4.998187	0.2114535	0.06148175	7.403523	3.690239
0.7357071	0.4608903	1.559473	3.119427	0.3381741	0.06260397	7.334416	3.844804
0.7393807	0.4609079	1.155317	2.133631	0.1488853	0.05895377	6.993813	3.903969
